===================Penalty Map===================
1.000	1.000	1.000	1.000	1.000	1.000	1.000	1.000	1.000	1.000	1.000	1.000	1.000	1.000	
1.000	1.000	1.000	1.000	1.000	1.000	1.000	1.000	1.000	1.000	0.759	0.759	1.000	1.000	
1.000	1.000	1.000	1.000	1.000	1.000	1.000	1.000	1.000	0.767	1.000	1.000	1.000	1.000	
1.000	1.000	1.000	1.000	1.000	1.000	1.000	1.000	1.000	0.767	1.000	1.000	1.000	1.000	
1.000	1.000	1.000	1.000	1.000	1.000	1.000	1.000	1.000	1.000	1.000	1.000	1.000	1.000	
1.000	1.000	1.000	1.000	1.000	1.000	1.000	1.000	1.000	1.000	1.000	1.000	1.000	1.000	
1.000	1.000	1.000	1.000	1.000	1.000	1.000	1.000	1.000	1.000	1.000	1.000	1.000	1.000	
1.000	1.000	1.000	1.000	1.000	1.000	1.000	1.000	1.000	1.000	1.000	1.000	1.000	1.000	
1.000	1.000	1.000	1.000	1.000	1.000	1.000	1.000	1.000	1.000	1.000	1.000	1.000	1.000	
1.000	1.000	1.000	1.000	1.000	1.000	1.000	1.000	1.000	1.000	1.000	1.000	1.000	1.000	
===================ID - P1 - P2===================
1	522	[10, 1]	[11, 1]
2	524	[9, 2]	[9, 3]
3	570	[10, 1]	[11, 1]
4	572	[9, 2]	[9, 3]
5	622	[10, 1]	[11, 1]
6	624	[9, 2]	[9, 3]
7	798	[10, 1]	[11, 1]
8	800	[9, 2]	[9, 3]
